dms_orig,dms_dest,distance
11,11,0.0
11,12,332.1
11,19,63.0
11,20,5536.4
11,41,2356.0
11,42,2340.2
11,49,2295.3
11,50,551.6
11,61,2754.6
11,62,3128.5
11,63,2792.3
11,64,3213.4
11,65,3012.2
11,69,2976.1
11,81,1757.2
11,89,1803.4
11,91,1543.4
11,92,1486.3
11,99,1574.1
11,101,1188.0
11,109,1173.8
11,111,1058.0
11,121,598.0
11,122,973.0
11,123,734.7
11,124,718.0
11,129,436.2
11,131,224.2
11,132,515.1
11,139,338.6
11,151,7036.3
11,159,6907.6
11,160,2690.9
11,171,925.9
11,172,654.0
11,179,748.3
11,181,871.3
11,182,687.2
11,183,857.6
11,189,686.6
11,190,1124.8
11,201,960.8
11,202,1060.9
11,209,1214.3
11,211,512.9
11,212,622.0
11,219,454.9
11,221,527.7
11,222,731.2
11,223,487.3
11,229,580.0
11,230,1988.7
11,241,1115.6
11,242,1056.5
11,249,1110.7
11,251,1675.4
11,259,1565.6
11,261,1054.2
11,262,1057.5
11,269,1304.7
11,271,1418.7
11,279,1582.4
11,280,288.0
11,291,925.6
11,292,670.5
11,299,736.8
11,300,2448.1
11,311,1215.7
11,319,1469.7
11,321,2687.1
11,329,2771.8
11,331,1707.8
11,339,1748.1
11,341,1339.0
11,342,1250.1
11,350,1794.0
11,361,1533.7
11,362,1242.3
11,363,1446.7
11,364,1334.5
11,369,1465.3
11,371,581.2
11,372,671.8
11,373,774.4
11,379,863.0
11,380,1934.0
11,391,677.1
11,392,988.7
11,393,802.0
11,394,759.1
11,399,885.7
11,401,1008.5
11,402,898.5
11,409,1039.2
11,411,3330.3
11,419,3121.0
11,421,1241.5
11,422,993.0
11,423,1304.4
11,429,1151.2
11,441,1613.7
11,451,625.8
11,452,428.1
11,459,568.2
11,460,1684.3
11,471,338.6
11,472,274.9
11,473,380.0
11,479,307.6
11,481,1094.9
11,482,803.4
11,483,1238.2
11,484,954.2
11,485,1781.1
11,486,933.9
11,487,1364.6
11,488,1215.5
11,489,1233.8
11,491,2423.5
11,499,2279.0
11,500,1689.7
11,511,946.5
11,512,1013.6
11,513,995.1
11,519,774.4
11,531,3345.6
11,532,3315.7
11,539,3194.2
11,540,792.7
11,551,1073.6
11,559,1288.7
11,560,2100.0
12,11,332.1
12,12,0.0
12,19,272.2
12,20,5742.3
12,41,2292.7
12,42,2258.3
12,49,2256.8
12,50,629.2
12,61,2713.8
12,62,3144.6
12,63,2731.6
12,64,3215.3
12,65,3003.5
12,69,2961.5
12,81,1830.7
12,89,1854.1
12,91,1841.9
12,92,1785.3
12,99,1869.7
12,101,1477.7
12,109,1454.9
12,111,1352.2
12,121,598.4
12,122,859.5
12,123,673.4
12,124,602.4
12,129,355.8
12,131,482.7
12,132,636.1
12,139,477.9
12,151,6971.8
12,159,6826.1
12,160,2788.2
12,171,1226.4
12,172,917.9
12,179,1030.0
12,181,1183.5
12,182,1010.0
12,183,1184.0
12,189,1007.3
12,190,1357.7
12,201,1118.5
12,202,1149.9
12,209,1312.1
12,211,841.8
12,212,953.9
12,219,786.3
12,221,305.3
12,222,515.9
12,223,194.2
12,229,420.5
12,230,2298.7
12,241,1411.5
12,242,1351.3
12,249,1391.2
12,251,1971.6
12,259,1870.0
12,261,1385.0
12,262,1377.5
12,269,1623.4
12,271,1673.7
12,279,1839.8
12,280,277.8
12,291,1102.5
12,292,909.5
12,299,933.5
12,300,2598.2
12,311,1397.9
12,319,1614.2
12,321,2688.2
12,329,2805.2
12,331,2012.5
12,339,2058.4
12,341,1635.9
12,342,1538.8
12,350,1752.7
12,361,1845.9
12,362,1569.9
12,363,1745.6
12,364,1659.8
12,369,1784.7
12,371,846.5
12,372,946.4
12,373,1030.6
12,379,1096.2
12,380,2146.7
12,391,1009.1
12,392,1320.0
12,393,1133.7
12,394,1090.6
12,399,1217.5
12,401,1028.6
12,402,963.0
12,409,1060.1
12,411,3415.0
12,419,3196.8
12,421,1540.8
12,422,1316.3
12,423,1609.5
12,429,1468.3
12,441,1907.2
12,451,794.9
12,452,691.0
12,459,774.1
12,460,1867.9
12,471,534.1
12,472,595.8
12,473,700.8
12,479,573.3
12,481,932.7
12,482,604.4
12,483,1004.1
12,484,881.8
12,485,1679.1
12,486,737.7
12,487,1152.0
12,488,1036.0
12,489,1121.9
12,491,2477.6
12,499,2304.4
12,500,2003.7
12,511,1223.9
12,512,1275.2
12,513,1291.8
12,519,1068.3
12,531,3457.5
12,532,3412.1
12,539,3310.8
12,540,1109.2
12,551,1377.6
12,559,1578.6
12,560,2209.6
19,11,63.0
19,12,272.2
19,19,0.0
19,20,5587.0
19,41,2358.2
19,42,2338.8
19,49,2302.1
19,50,569.2
19,61,2761.7
19,62,3146.5
19,63,2795.6
19,64,3228.8
19,65,3025.5
19,69,2988.3
19,81,1783.4
19,89,1825.7
19,91,1588.8
19,92,1531.9
19,99,1618.7
19,101,1230.2
19,109,1213.3
19,111,1101.4
19,121,567.1
19,122,929.2
19,123,696.1
19,124,671.3
19,129,387.8
19,131,246.2
19,132,506.7
19,139,327.8
19,151,7041.0
19,159,6909.0
19,160,2722.8
19,171,987.3
19,172,709.6
19,179,807.0
19,181,933.8
19,182,750.1
19,183,920.4
19,189,749.5
19,190,1176.9
19,201,999.1
19,202,1087.2
19,209,1243.1
19,211,575.6
19,212,683.3
19,219,516.9
19,221,488.3
19,222,696.8
19,223,435.7
19,229,552.9
19,230,2038.2
19,241,1159.7
19,242,1100.1
19,249,1149.9
19,251,1720.2
19,259,1613.0
19,261,1116.2
19,262,1120.4
19,269,1367.6
19,271,1474.7
19,279,1638.9
19,280,271.5
19,291,967.3
19,292,721.8
19,299,780.8
19,300,2488.8
19,311,1259.5
19,319,1507.7
19,321,2701.9
19,329,2792.5
19,331,1755.3
19,339,1797.6
19,341,1383.7
19,342,1292.1
19,350,1799.2
19,361,1583.8
19,362,1298.8
19,363,1492.2
19,364,1389.9
19,369,1518.1
19,371,613.3
19,372,707.6
19,373,805.1
19,379,887.7
19,380,1984.2
19,391,738.4
19,392,1047.8
19,393,861.5
19,394,820.9
19,399,947.1
19,401,1021.5
19,402,919.0
19,409,1052.6
19,411,3360.7
19,419,3149.6
19,421,1286.9
19,422,1047.3
19,423,1351.8
19,429,1202.9
19,441,1657.6
19,451,631.3
19,452,457.6
19,459,582.5
19,460,1729.5
19,471,375.4
19,472,337.6
19,473,432.2
19,479,360.1
19,481,1073.9
19,482,773.0
19,483,1203.7
19,484,949.2
19,485,1774.7
19,486,905.2
19,487,1335.0
19,488,1191.8
19,489,1223.3
19,491,2447.6
19,499,2297.6
19,500,1740.5
19,511,984.3
19,512,1046.9
19,513,1039.2
19,519,817.0
19,531,3380.6
19,532,3348.0
19,539,3229.9
19,540,843.8
19,551,1135.5
19,559,1349.2
19,560,2133.3
20,11,5536.4
20,12,5742.3
20,19,5587.0
20,20,0.0
20,41,4394.4
20,42,4525.5
20,49,4262.0
20,50,5124.2
20,61,4080.3
20,62,3466.5
20,63,4220.9
20,64,3546.0
20,65,3721.9
20,69,3784.8
20,81,4079.1
20,89,4125.5
20,91,5459.6
20,92,5453.7
20,99,5493.6
20,101,5539.5
20,109,5605.0
20,111,5503.5
20,121,6096.4
20,122,6501.2
20,123,6252.3
20,124,6252.9
20,129,5972.6
20,131,5628.8
20,132,5925.2
20,139,5805.2
20,151,4744.6
20,159,4936.7
20,160,3205.3
20,171,4697.4
20,172,4888.0
20,179,4814.5
20,181,4790.3
20,182,4993.5
20,183,4903.4
20,189,4980.6
20,190,4411.9
20,201,4625.7
20,202,4642.3
20,209,4485.2
20,211,5166.3
20,212,5156.7
20,219,5236.8
20,221,5598.6
20,222,5553.5
20,223,5721.5
20,229,5475.6
20,230,5296.5
20,241,5489.2
20,242,5499.6
20,249,5604.4
20,251,5489.8
20,259,5389.0
20,261,4859.0
20,262,4698.0
20,269,4505.6
20,271,4138.3
20,279,3984.3
20,280,5465.5
20,291,4639.7
20,292,4865.8
20,299,4814.1
20,300,3197.8
20,311,4344.3
20,319,4148.8
20,321,3805.9
20,329,3535.3
20,331,5382.0
20,339,5298.2
20,341,5476.2
20,342,5548.6
20,350,4531.0
20,361,5284.2
20,362,5069.9
20,363,5454.9
20,364,5096.2
20,369,5178.9
20,371,5644.8
20,372,5615.0
20,373,5700.8
20,379,5809.7
20,380,3602.7
20,391,5124.1
20,392,5056.5
20,393,5124.9
20,394,5055.5
20,399,4996.5
20,401,4837.8
20,402,4834.3
20,409,4812.2
20,411,2803.3
20,419,3013.6
20,421,5454.4
20,422,5224.5
20,423,5393.0
20,429,5269.6
20,441,5518.0
20,451,5906.6
20,452,5639.4
20,459,5806.4
20,460,3875.1
20,471,5223.1
20,472,5300.8
20,473,5435.2
20,479,5228.8
20,481,5319.8
20,482,5499.9
20,483,5591.4
20,484,5106.4
20,485,4839.7
20,486,5468.3
20,487,5486.5
20,488,5356.9
20,489,5093.8
20,491,3643.8
20,499,3899.3
20,500,5242.2
20,511,5614.5
20,512,5710.0
20,513,5487.7
20,519,5517.7
20,531,2594.2
20,532,2725.9
20,539,2684.3
20,540,5352.7
20,551,4585.3
20,559,4343.0
20,560,3656.1
41,11,2356.0
41,12,2292.7
41,19,2358.2
41,20,4394.4
41,41,0.0
41,42,133.2
41,49,176.5
41,50,1819.7
41,61,443.6
41,62,1027.7
41,63,439.0
41,64,1033.2
41,65,805.6
41,69,747.5
41,81,983.4
41,89,854.9
41,91,3586.5
41,92,3535.4
41,99,3628.9
41,101,3327.8
41,109,3347.1
41,111,3201.3
41,121,2885.2
41,122,3124.4
41,123,2964.8
41,124,2882.4
41,129,2647.7
41,131,2573.8
41,132,2864.7
41,139,2685.9
41,151,4683.9
41,159,4551.5
41,160,1262.5
41,171,2298.1
41,172,2095.6
41,179,2165.4
41,181,2379.2
41,182,2429.5
41,183,2531.4
41,189,2408.5
41,190,1906.4
41,201,1656.1
41,202,1425.3
41,209,1346.3
41,211,2448.0
41,212,2560.8
41,219,2471.0
41,221,1998.7
41,222,1817.9
41,223,2140.3
41,229,1873.0
41,230,3883.6
41,241,3242.1
41,242,3198.1
41,249,3294.4
41,251,3712.3
41,259,3569.7
41,261,2716.0
41,262,2521.5
41,269,2608.9
41,271,2059.2
41,279,2113.5
41,280,2092.8
41,291,1728.4
41,292,2007.4
41,299,1863.9
41,300,1549.8
41,311,1651.9
41,319,1415.8
41,321,597.6
41,329,859.6
41,331,3686.9
41,339,3678.2
41,341,3422.7
41,342,3384.0
41,350,568.7
41,361,3486.1
41,362,3090.8
41,363,3502.7
41,364,3194.3
41,369,3365.0
41,371,2876.4
41,372,2937.7
41,373,3058.1
41,379,3169.9
41,380,1859.5
41,391,2584.3
41,392,2837.8
41,393,2714.3
41,394,2598.4
41,399,2673.9
41,401,1368.3
41,402,1510.4
41,409,1340.7
41,411,1601.5
41,419,1382.6
41,421,3329.5
41,422,2974.9
41,423,3349.9
41,429,3145.3
41,441,3673.7
41,451,2980.8
41,452,2748.2
41,459,2915.1
41,460,1613.3
41,471,2070.6
41,472,2335.8
41,473,2593.2
41,479,2179.8
41,481,1402.8
41,482,1727.5
41,483,1524.3
41,484,1415.9
41,485,641.8
41,486,1614.4
41,487,1361.3
41,488,1346.7
41,489,1178.5
41,491,833.5
41,499,604.5
41,500,3597.8
41,511,3163.3
41,512,3259.7
41,513,3140.5
41,519,2973.3
41,531,1800.9
41,532,1669.9
41,539,1723.5
41,540,2888.1
41,551,2361.1
41,559,2299.7
41,560,1157.7
42,11,2340.2
42,12,2258.3
42,19,2338.8
42,20,4525.5
42,41,133.2
42,42,0.0
42,49,299.1
42,50,1813.6
42,61,533.7
42,62,1141.5
42,63,490.9
42,64,1136.1
42,65,910.1
42,69,849.4
42,81,1064.1
42,89,934.5
42,91,3613.5
42,92,3561.5
42,99,3655.4
42,101,3344.5
42,109,3361.0
42,111,3216.4
42,121,2854.3
42,122,3078.2
42,123,2927.3
42,124,2840.8
42,129,2614.1
42,131,2560.7
42,132,2844.1
42,139,2665.5
42,151,4713.3
42,159,4571.7
42,160,1394.8
42,171,2336.2
42,172,2117.0
42,179,2193.4
42,181,2413.4
42,182,2452.5
42,183,2562.2
42,189,2431.8
42,190,1956.6
42,201,1686.8
42,202,1449.5
42,209,1384.1
42,211,2460.8
42,212,2577.4
42,219,2480.0
42,221,1959.7
42,222,1771.6
42,223,2099.0
42,229,1837.8
42,230,3924.1
42,241,3258.9
42,242,3213.2
42,249,3306.9
42,251,3740.9
42,259,3599.5
42,261,2753.0
42,262,2563.5
42,269,2662.2
42,271,2127.1
42,279,2189.7
42,280,2070.5
42,291,1759.5
42,292,2028.0
42,299,1884.6
42,300,1673.2
42,311,1704.6
42,319,1483.3
42,321,724.3
42,329,990.2
42,331,3719.7
42,339,3714.4
42,341,3445.0
42,342,3401.7
42,350,582.8
42,361,3518.8
42,362,3124.8
42,363,3527.9
42,364,3229.3
42,369,3399.7
42,371,2873.5
42,372,2938.7
42,373,3058.1
42,379,3167.6
42,380,1956.8
42,391,2603.5
42,392,2867.0
42,393,2736.9
42,394,2622.0
42,399,2702.6
42,401,1370.7
42,402,1518.6
42,409,1344.7
42,411,1730.1
42,419,1512.8
42,421,3350.4
42,422,2998.5
42,423,3374.3
42,429,3170.8
42,441,3700.2
42,451,2966.0
42,452,2741.1
42,459,2903.9
42,460,1698.4
42,471,2066.6
42,472,2336.1
42,473,2593.5
42,479,2179.5
42,481,1350.6
42,482,1680.3
42,483,1448.5
42,484,1390.7
42,485,584.1
42,486,1562.0
42,487,1281.7
42,488,1284.1
42,489,1137.2
42,491,963.6
42,499,729.2
42,500,3634.7
42,511,3171.5
42,512,3265.6
42,513,3154.7
42,519,2980.9
42,531,1932.5
42,532,1800.2
42,539,1856.3
42,540,2902.5
42,551,2406.7
42,559,2357.9
42,560,1269.3
49,11,2295.3
49,12,2256.8
49,19,2302.1
49,20,4262.0
49,41,176.5
49,42,299.1
49,49,0.0
49,50,1750.3
49,61,459.5
49,62,962.0
49,63,514.2
49,64,992.9
49,65,768.1
49,69,717.8
49,81,827.3
49,89,701.2
49,91,3472.7
49,92,3422.7
49,99,3515.6
49,101,3225.7
49,109,3247.9
49,111,3101.2
49,121,2842.0
49,122,3101.2
49,123,2930.2
49,124,2853.6
49,129,2609.1
49,131,2508.9
49,132,2808.3
49,139,2629.7
49,151,4741.5
49,159,4620.8
49,160,1103.1
49,171,2175.7
49,172,1992.0
49,179,2054.1
49,181,2260.7
49,182,2322.6
49,183,2415.9
49,189,2301.5
49,190,1773.3
49,201,1544.6
49,202,1323.2
49,209,1229.8
49,211,2352.7
49,212,2460.7
49,219,2379.9
49,221,1970.6
49,222,1801.4
49,223,2114.6
49,229,1840.8
49,230,3755.7
49,241,3139.8
49,242,3097.9
49,249,3197.0
49,251,3596.6
49,259,3453.0
49,261,2593.5
49,262,2394.4
49,269,2470.7
49,271,1909.3
49,279,1956.6
49,280,2042.0
49,291,1616.1
49,292,1905.0
49,299,1762.3
49,300,1374.9
49,311,1517.5
49,319,1268.6
49,321,503.0
49,329,739.4
49,331,3567.0
49,339,3554.8
49,341,3314.3
49,342,3280.5
49,350,504.7
49,361,3366.6
49,362,2970.5
49,363,3390.9
49,364,3072.9
49,369,3243.5
49,371,2797.8
49,372,2854.4
49,373,2975.6
49,379,3090.0
49,380,1688.9
49,391,2481.2
49,392,2723.2
49,393,2607.2
49,394,2490.4
49,399,2560.2
49,401,1292.9
49,402,1426.2
49,409,1263.6
49,411,1484.5
49,419,1259.8
49,421,3222.6
49,422,2865.9
49,423,3239.2
49,429,3034.0
49,441,3560.4
49,451,2916.7
49,452,2675.2
49,459,2846.7
49,460,1450.8
49,471,1996.8
49,472,2255.6
49,473,2511.8
49,479,2101.0
49,481,1399.1
49,482,1713.1
49,483,1553.6
49,484,1375.0
49,485,667.9
49,486,1608.4
49,487,1398.4
49,488,1358.6
49,489,1163.3
49,491,666.8
49,499,430.2
49,500,3473.8
49,511,3071.2
49,512,3169.8
49,513,3041.5
49,519,2882.1
49,531,1668.3
49,532,1544.6
49,539,1582.0
49,540,2789.5
49,551,2230.9
49,559,2157.7
49,560,981.8
50,11,551.6
50,12,629.2
50,19,569.2
50,20,5124.2
50,41,1819.7
50,42,1813.6
50,49,1750.3
50,50,0.0
50,61,2208.8
50,62,2577.8
50,63,2252.7
50,64,2661.9
50,65,2460.9
50,69,2425.2
50,81,1219.0
50,89,1257.1
50,91,1889.1
50,92,1833.2
50,99,1926.9
50,101,1574.8
50,109,1580.1
50,111,1442.4
50,121,1134.0
50,122,1468.9
50,123,1252.5
50,124,1207.4
50,129,929.7
50,131,759.2
50,132,1066.5
50,139,890.1
50,151,6491.9
50,159,6368.9
50,160,2168.2
50,171,840.1
50,172,493.0
50,179,621.4
50,181,851.3
50,182,772.1
50,183,937.2
50,189,756.7
50,190,801.0
50,201,500.5
50,202,526.4
50,209,687.0
50,211,702.8
50,212,835.3
50,219,700.2
50,221,494.9
50,222,549.7
50,223,601.0
50,229,402.1
50,230,2279.4
50,241,1491.9
50,242,1439.8
50,249,1521.6
50,251,2022.3
50,259,1892.4
50,261,1162.1
50,262,1058.2
50,269,1273.3
50,271,1134.3
50,279,1298.0
50,280,353.9
50,291,498.9
50,292,430.1
50,299,372.2
50,300,1969.1
50,311,786.4
50,319,985.7
50,321,2135.6
50,329,2223.3
50,331,2027.5
50,339,2045.9
50,341,1699.1
50,342,1635.4
50,350,1253.1
50,361,1833.4
50,362,1471.4
50,363,1795.8
50,364,1576.4
50,369,1735.3
50,371,1060.2
50,372,1128.5
50,373,1246.6
50,379,1354.3
50,380,1544.5
50,391,876.9
50,392,1194.0
50,393,1023.5
50,394,926.3
50,399,1041.0
50,401,458.5
50,402,350.2
50,409,488.8
50,411,2801.3
50,419,2587.2
50,421,1600.3
50,422,1276.7
50,423,1642.3
50,429,1452.8
50,441,1970.4
50,451,1166.8
50,452,928.6
50,459,1096.7
50,460,1249.9
50,471,254.0
50,472,528.5
50,473,783.9
50,479,373.3
50,481,709.4
50,482,559.3
50,483,956.6
50,484,472.3
50,485,1276.7
50,486,640.6
50,487,1026.6
50,488,839.3
50,489,764.4
50,491,1879.8
50,499,1728.6
50,500,1974.8
50,511,1374.3
50,512,1462.5
50,513,1378.4
50,519,1184.7
50,531,2833.6
50,532,2793.4
50,539,2685.5
50,540,1133.3
50,551,984.2
50,559,1121.4
50,560,1584.5
61,11,2754.6
61,12,2713.8
61,19,2761.7
61,20,4080.3
61,41,443.6
61,42,533.7
61,49,459.5
61,50,2208.8
61,61,0.0
61,62,630.7
61,63,163.3
61,64,605.9
61,65,384.0
61,69,320.9
61,81,1204.0
61,89,1090.6
61,91,3899.7
61,92,3851.2
61,99,3943.2
61,101,3665.4
61,109,3690.2
61,111,3542.9
61,121,3300.8
61,122,3554.3
61,123,3387.2
61,124,3308.7
61,129,3066.9
61,131,2967.7
61,132,3267.8
61,139,3089.2
61,151,4283.0
61,159,4165.8
61,160,1109.9
61,171,2596.1
61,172,2433.6
61,179,2488.4
61,181,2685.8
61,182,2760.3
61,183,2844.1
61,189,2739.0
61,190,2180.0
61,201,1981.6
61,202,1769.4
61,209,1664.6
61,211,2799.4
61,212,2903.7
61,219,2829.3
61,221,2424.9
61,222,2250.6
61,223,2568.1
61,229,2296.4
61,230,4161.5
61,241,3579.6
61,242,3539.5
61,249,3640.7
61,251,4021.0
61,259,3876.4
61,261,3011.8
61,262,2806.8
61,269,2862.4
61,271,2277.5
61,279,2302.1
61,280,2501.4
61,291,2051.7
61,292,2348.0
61,299,2206.4
61,300,1508.4
61,311,1924.9
61,319,1654.2
61,321,335.9
61,329,601.6
61,331,3985.9
61,339,3968.6
61,341,3747.8
61,342,3719.0
61,350,963.7
61,361,3786.6
61,362,3390.5
61,363,3820.6
61,364,3491.0
61,369,3660.9
61,371,3252.8
61,372,3307.3
61,373,3428.8
61,379,3544.2
61,380,1969.1
61,391,2921.8
61,392,3151.3
61,393,3043.7
61,394,2926.5
61,399,2989.9
61,401,1750.8
61,402,1881.3
61,409,1721.2
61,411,1279.5
61,419,1084.5
61,421,3657.9
61,422,3299.8
61,423,3670.5
61,429,3464.9
61,441,3987.8
61,451,3375.5
61,452,3132.2
61,459,3304.7
61,460,1783.1
61,471,2454.1
61,472,2710.6
61,473,2966.0
61,479,2556.6
61,481,1840.3
61,482,2161.1
61,483,1967.9
61,484,1832.4
61,485,1084.3
61,486,2051.4
61,487,1804.6
61,488,1788.5
61,489,1610.6
61,491,774.0
61,499,658.5
61,500,3886.9
61,511,3518.8
61,512,3618.8
61,513,3484.2
61,519,3330.6
61,531,1515.4
61,532,1367.1
61,539,1469.6
61,540,3232.9
61,551,2639.1
61,559,2543.4
61,560,1226.6
62,11,3128.5
62,12,3144.6
62,19,3146.5
62,20,3466.5
62,41,1027.7
62,42,1141.5
62,49,962.0
62,50,2577.8
62,61,630.7
62,62,0.0
62,63,757.7
62,64,151.9
62,65,255.6
62,69,319.2
62,81,1405.4
62,89,1333.8
62,91,4078.1
62,92,4035.1
62,99,4122.5
62,101,3893.6
62,109,3928.6
62,111,3781.5
62,121,3706.8
62,122,4002.2
62,123,3811.7
62,124,3747.0
62,129,3486.5
62,131,3326.1
62,132,3642.0
62,139,3467.1
62,151,4007.0
62,159,3937.1
62,160,807.8
62,171,2786.0
62,172,2698.5
62,179,2725.0
62,181,2886.3
62,182,3000.3
62,183,3049.3
62,189,2979.0
62,190,2351.8
62,201,2248.1
62,202,2079.7
62,209,1942.4
62,211,3075.6
62,212,3161.1
62,219,3117.8
62,221,2876.3
62,222,2725.9
62,223,3021.8
62,229,2742.2
62,230,4272.3
62,241,3809.7
62,242,3777.7
62,249,3886.4
62,251,4188.9
62,259,4043.6
62,261,3182.6
62,262,2967.3
62,269,2968.8
62,271,2358.3
62,279,2336.9
62,280,2904.4
62,291,2310.5
62,292,2621.1
62,299,2489.3
62,300,1293.3
62,311,2113.1
62,319,1815.8
62,321,467.2
62,329,379.5
62,331,4136.8
62,339,4104.9
62,341,3950.9
62,342,3941.4
62,350,1423.7
62,361,3944.4
62,362,3556.8
62,363,4009.0
62,364,3649.2
62,369,3813.8
62,371,3567.3
62,372,3606.4
62,373,3727.5
62,379,3848.3
62,380,1914.6
62,391,3168.5
62,392,3348.1
62,393,3272.1
62,394,3156.1
62,399,3196.1
62,401,2127.6
62,402,2230.2
62,409,2096.1
62,411,691.9
62,419,548.2
62,421,3869.3
62,422,3513.0
62,423,3867.1
62,429,3664.3
62,441,4165.9
62,451,3727.6
62,452,3465.2
62,459,3646.5
62,460,1833.1
62,471,2803.8
62,472,3034.6
62,473,3279.4
62,479,2889.4
62,481,2342.0
62,482,2641.2
62,483,2513.9
62,484,2274.0
62,485,1629.8
62,486,2546.7
62,487,2360.3
62,488,2312.6
62,489,2099.8
62,491,753.4
62,499,849.7
62,500,4022.7
62,511,3784.9
62,512,3890.1
62,513,3728.1
62,519,3604.5
62,531,957.0
62,532,796.9
62,539,954.2
62,540,3484.9
62,551,2794.3
62,559,2648.5
62,560,1222.2
63,11,2792.3
63,12,2731.6
63,19,2795.6
63,20,4220.9
63,41,439.0
63,42,490.9
63,49,514.2
63,50,2252.7
63,61,163.3
63,62,757.7
63,63,0.0
63,64,707.5
63,65,502.7
63,69,438.7
63,81,1311.5
63,89,1192.2
63,91,3985.4
63,92,3935.8
63,99,4028.5
63,101,3739.9
63,109,3762.1
63,111,3615.4
63,121,3324.2
63,122,3561.1
63,123,3403.5
63,124,3320.3
63,129,3086.7
63,131,3009.0
63,132,3302.3
63,139,3123.4
63,151,4245.5
63,159,4116.2
63,160,1273.1
63,171,2686.0
63,172,2506.2
63,179,2567.9
63,181,2772.5
63,182,2836.8
63,183,2928.6
63,189,2815.6
63,190,2277.7
63,201,2058.6
63,202,1837.2
63,209,1743.3
63,211,2866.1
63,212,2974.8
63,219,2892.4
63,221,2436.9
63,222,2254.1
63,223,2578.1
63,229,2311.8
63,230,4261.2
63,241,3654.1
63,242,3612.0
63,249,3711.0
63,251,4108.7
63,259,3964.8
63,261,3103.4
63,262,2902.0
63,269,2968.6
63,271,2392.7
63,279,2425.2
63,280,2531.0
63,291,2129.9
63,292,2419.2
63,299,2276.4
63,300,1666.6
63,311,2021.8
63,319,1760.7
63,321,499.1
63,329,763.8
63,331,4077.5
63,339,4063.5
63,341,3828.2
63,342,3794.8
63,350,999.6
63,361,3877.4
63,362,3481.2
63,363,3904.2
63,364,3582.9
63,369,3753.4
63,371,3305.9
63,372,3364.6
63,373,3485.5
63,379,3598.8
63,380,2108.3
63,391,2995.5
63,392,3236.0
63,393,3121.3
63,394,3004.5
63,399,3073.3
63,401,1798.1
63,402,1935.7
63,409,1769.6
63,411,1425.7
63,419,1237.5
63,421,3736.7
63,422,3379.7
63,423,3752.8
63,429,3547.4
63,441,4073.2
63,451,3416.5
63,452,3180.4
63,459,3349.2
63,460,1908.7
63,471,2502.0
63,472,2764.2
63,473,3021.1
63,479,2608.8
63,481,1836.2
63,482,2163.4
63,483,1939.1
63,484,1854.7
63,485,1070.6
63,486,2048.0
63,487,1771.7
63,488,1773.8
63,489,1615.8
63,491,928.6
63,499,791.8
63,500,3982.2
63,511,3584.2
63,512,3682.2
63,513,3555.6
63,519,3394.8
63,531,1668.1
63,532,1517.3
63,539,1627.2
63,540,3303.5
63,551,2736.5
63,559,2651.9
63,560,1368.4
64,11,3213.4
64,12,3215.3
64,19,3228.8
64,20,3546.0
64,41,1033.2
64,42,1136.1
64,49,992.9
64,50,2661.9
64,61,605.9
64,62,151.9
64,63,707.5
64,64,0.0
64,65,227.7
64,69,286.7
64,81,1512.2
64,89,1432.1
64,91,4201.2
64,92,4157.3
64,99,4245.5
64,101,4008.8
64,109,4042.1
64,111,3894.7
64,121,3785.2
64,122,4069.9
64,123,3885.6
64,124,3817.0
64,129,3561.0
64,131,3415.1
64,132,3728.1
64,139,3552.0
64,151,3889.6
64,159,3811.8
64,160,959.0
64,171,2904.4
64,172,2804.2
64,179,2835.7
64,181,3003.3
64,182,3111.3
64,183,3166.2
64,189,3090.0
64,190,2471.1
64,201,2351.3
64,202,2173.6
64,209,2041.5
64,211,3180.5
64,212,3269.6
64,219,3220.6
64,221,2940.5
64,222,2782.5
64,223,3085.7
64,229,2807.5
64,230,4404.4
64,241,3924.4
64,242,3891.0
64,249,3998.6
64,251,4313.6
64,259,4168.2
64,261,3304.9
64,262,3090.5
64,269,3099.1
64,271,2489.7
64,279,2473.3
64,280,2981.6
64,291,2415.4
64,292,2725.0
64,299,2590.7
64,300,1443.5
64,311,2228.7
64,319,1933.3
64,321,527.6
64,329,507.5
64,331,4263.7
64,339,4233.7
64,341,4070.1
64,342,4057.5
64,350,1476.2
64,361,4070.1
64,362,3680.6
64,363,4130.5
64,364,3774.4
64,369,3940.0
64,371,3666.1
64,372,3708.4
64,373,3829.8
64,379,3949.8
64,380,2057.6
64,391,3278.9
64,392,3467.0
64,393,3385.8
64,394,3269.3
64,399,3313.2
64,401,2207.6
64,402,2317.0
64,409,2176.3
64,411,807.4
64,419,686.5
64,421,3987.1
64,422,3629.8
64,423,3987.1
64,429,3783.5
64,441,4289.1
64,451,3818.9
64,452,3560.0
64,459,3739.9
64,460,1965.5
64,471,2893.0
64,472,3130.1
64,473,3377.7
64,479,2982.6
64,481,2388.8
64,482,2696.0
64,483,2544.7
64,484,2338.5
64,485,1657.2
64,486,2596.3
64,487,2386.6
64,488,2351.4
64,489,2149.5
64,491,876.9
64,499,943.1
64,500,4151.4
64,511,3893.4
64,512,3997.8
64,513,3840.3
64,519,3711.2
64,531,1080.2
64,532,918.3
64,539,1089.6
64,540,3595.2
64,551,2917.7
64,559,2778.0
64,560,1355.1
65,11,3012.2
65,12,3003.5
65,19,3025.5
65,20,3721.9
65,41,805.6
65,42,910.1
65,49,768.1
65,50,2460.9
65,61,384.0
65,62,255.6
65,63,502.7
65,64,227.7
65,65,0.0
65,69,64.3
65,81,1342.0
65,89,1251.6
65,91,4047.8
65,92,4002.4
65,99,4091.9
65,101,3842.0
65,109,3872.8
65,111,3725.1
65,121,3578.3
65,122,3855.6
65,123,3675.2
65,124,3604.2
65,129,3351.4
65,131,3217.2
65,132,3527.3
65,139,3350.3
65,151,4061.3
65,159,3970.1
65,160,934.6
65,171,2745.1
65,172,2626.0
65,179,2664.5
65,181,2841.6
65,182,2939.9
65,183,3003.7
65,189,2918.6
65,190,2315.0
65,201,2171.5
65,202,1983.4
65,209,1857.9
65,211,3000.6
65,212,3094.3
65,219,3037.8
65,221,2725.2
65,222,2563.5
65,223,2870.1
65,229,2593.0
65,230,4270.4
65,241,3757.0
65,242,3721.5
65,249,3827.4
65,251,4163.3
65,259,4017.8
65,261,3151.8
65,262,2939.6
65,269,2963.2
65,271,2358.6
65,279,2355.5
65,280,2774.6
65,291,2237.6
65,292,2544.7
65,299,2407.9
65,300,1398.1
65,311,2067.2
65,319,1776.7
65,321,330.9
65,329,418.1
65,331,4118.0
65,339,4092.0
65,341,3909.9
65,342,3892.3
65,350,1257.6
65,361,3922.1
65,362,3529.6
65,363,3974.3
65,364,3625.7
65,369,3793.1
65,371,3478.1
65,372,3523.9
65,373,3645.5
65,379,3764.4
65,380,1964.6
65,391,3106.2
65,392,3307.3
65,393,3217.9
65,394,3100.9
65,399,3150.7
65,401,2004.2
65,402,2119.3
65,409,1973.2
65,411,938.8
65,419,772.6
65,421,3824.6
65,422,3466.2
65,423,3828.5
65,429,3623.8
65,441,4136.0
65,451,3622.7
65,452,3367.7
65,459,3545.9
65,460,1839.6
65,471,2696.3
65,472,2939.2
65,473,3189.6
65,479,2789.5
65,481,2166.2
65,482,2476.3
65,483,2318.1
65,484,2124.2
65,485,1430.4
65,486,2374.6
65,487,2159.4
65,488,2126.5
65,489,1928.3
65,491,748.8
65,499,764.0
65,500,4009.8
65,511,3717.0
65,512,3820.3
65,513,3669.3
65,519,3532.6
65,531,1195.5
65,532,1038.5
65,539,1176.6
65,540,3421.8
65,551,2767.7
65,559,2641.3
65,560,1237.1
69,11,2976.1
69,12,2961.5
69,19,2988.3
69,20,3784.8
69,41,747.5
69,42,849.4
69,49,717.8
69,50,2425.2
69,61,320.9
69,62,319.2
69,63,438.7
69,64,286.7
69,65,64.3
69,69,0.0
69,81,1322.6
69,89,1227.9
69,91,4031.8
69,92,3985.7
69,99,4075.8
69,101,3820.8
69,109,3850.6
69,111,3702.9
69,121,3538.8
69,122,3811.8
69,123,3633.9
69,124,3561.4
69,129,3310.5
69,131,3182.7
69,132,3491.2
69,139,3313.7
69,151,4087.1
69,159,3991.0
69,160,965.7
69,171,2727.7
69,172,2601.0
69,179,2642.3
69,181,2823.2
69,182,2917.5
69,183,2984.7
69,189,2896.1
69,190,2299.3
69,201,2146.2
69,202,1953.6
69,209,1831.3
69,211,2974.4
69,212,3070.1
69,219,3010.4
69,221,2681.0
69,222,2516.8
69,223,2825.7
69,229,2549.4
69,230,4261.2
69,241,3735.6
69,242,3699.3
69,249,3804.5
69,251,4148.3
69,259,4002.9
69,261,3136.4
69,262,2925.2
69,269,2954.3
69,271,2352.1
69,279,2353.7
69,280,2735.4
69,291,2213.1
69,292,2518.8
69,299,2381.0
69,300,1420.7
69,311,2049.7
69,319,1761.8
69,321,309.8
69,329,441.4
69,331,4104.7
69,339,4080.3
69,341,3891.3
69,342,3871.8
69,350,1212.3
69,361,3908.2
69,362,3514.7
69,363,3957.2
69,364,3611.7
69,369,3779.6
69,371,3448.1
69,372,3495.5
69,373,3617.2
69,379,3735.5
69,380,1971.5
69,391,3083.1
69,392,3289.3
69,393,3196.7
69,394,3079.5
69,399,3131.8
69,401,1967.6
69,402,2085.6
69,409,1936.9
69,411,998.5
69,419,827.2
69,421,3805.2
69,422,3446.5
69,423,3810.6
69,429,3605.6
69,441,4119.9
69,451,3588.9
69,452,3335.8
69,459,3513.1
69,460,1836.0
69,471,2662.7
69,472,2908.2
69,473,3159.6
69,479,2757.6
69,481,2116.8
69,482,2429.2
69,483,2264.0
69,484,2081.1
69,485,1376.4
69,486,2325.9
69,487,2104.3
69,488,2074.7
69,489,1880.2
69,491,750.6
69,499,744.1
69,500,3998.0
69,511,3692.0
69,512,3794.7
69,513,3646.6
69,519,3506.8
69,531,1252.5
69,532,1096.6
69,539,1229.3
69,540,3398.2
69,551,2753.8
69,559,2632.4
69,560,1238.3
81,11,1757.2
81,12,1830.7
81,19,1783.4
81,20,4079.1
81,41,983.4
81,42,1064.1
81,49,827.3
81,50,1219.0
81,61,1204.0
81,62,1405.4
81,63,1311.5
81,64,1512.2
81,65,1342.0
81,69,1322.6
81,81,0.0
81,89,129.6
81,91,2710.4
81,92,2663.8
81,99,2754.3
81,101,2500.1
81,109,2531.7
81,111,2384.1
81,121,2350.5
81,122,2684.6
81,123,2471.5
81,124,2423.6
81,129,2148.3
81,131,1941.2
81,132,2262.6
81,139,2092.6
81,151,5400.0
81,159,5312.1
81,160,961.9
81,171,1405.5
81,172,1293.1
81,179,1324.1
81,181,1500.5
81,182,1599.7
81,183,1662.1
81,189,1578.4
81,190,980.3
81,201,843.2
81,202,696.4
81,209,545.6
81,211,1670.2
81,212,1757.4
81,219,1712.7
81,221,1606.4
81,222,1511.8
81,223,1746.7
81,229,1472.3
81,230,2958.0
81,241,2415.3
81,242,2380.5
81,249,2487.2
81,251,2828.3
81,259,2683.1
81,261,1816.5
81,262,1607.8
81,269,1658.7
81,271,1083.4
81,279,1130.3
81,280,1566.6
81,291,905.0
81,292,1215.8
81,299,1085.4
81,300,892.8
81,311,728.0
81,319,450.2
81,321,1013.2
81,329,1032.6
81,331,2788.3
81,339,2767.9
81,341,2568.6
81,342,2550.3
81,350,609.9
81,361,2590.3
81,362,2195.4
81,363,2634.9
81,364,2293.9
81,369,2463.0
81,371,2164.4
81,372,2201.4
81,373,2322.3
81,379,2443.3
81,380,914.8
81,391,1766.9
81,392,1966.7
81,393,1876.2
81,394,1759.4
81,399,1809.2
81,401,811.0
81,402,870.9
81,409,780.8
81,411,1584.5
81,419,1368.4
81,421,2482.8
81,422,2124.3
81,423,2488.0
81,429,2282.9
81,441,2798.6
81,451,2335.6
81,452,2067.6
81,459,2250.9
81,460,634.9
81,471,1422.5
81,472,1637.3
81,473,1877.3
81,479,1497.2
81,481,1240.7
81,482,1445.7
81,483,1516.5
81,484,1045.8
81,485,923.0
81,486,1397.3
81,487,1426.6
81,488,1281.5
81,489,1017.1
81,491,670.1
81,499,578.6
81,500,2686.0
81,511,2381.2
81,512,2485.8
81,513,2329.1
81,519,2199.6
81,531,1637.0
81,532,1582.8
81,539,1496.4
81,540,2083.2
81,551,1438.2
81,559,1340.8
81,560,423.0
89,11,1803.4
89,12,1854.1
89,19,1825.7
89,20,4125.5
89,41,854.9
89,42,934.5
89,49,701.2
89,50,1257.1
89,61,1090.6
89,62,1333.8
89,63,1192.2
89,64,1432.1
89,65,1251.6
89,69,1227.9
89,81,129.6
89,89,0.0
89,91,2813.5
89,92,2765.9
89,99,2857.1
89,101,2593.3
89,109,2622.7
89,111,2474.9
89,121,2391.1
89,122,2712.3
89,123,2506.2
89,124,2452.4
89,129,2181.4
89,131,1995.4
89,132,2313.9
89,139,2141.1
89,151,5312.9
89,159,5218.8
89,160,966.4
89,171,1508.3
89,172,1374.6
89,179,1414.5
89,181,1600.6
89,182,1689.5
89,183,1760.9
89,189,1668.2
89,190,1089.4
89,201,920.3
89,202,747.0
89,209,609.5
89,211,1749.8
89,212,1842.7
89,219,1788.6
89,221,1614.9
89,222,1504.5
89,223,1757.7
89,229,1479.5
89,230,3071.4
89,241,2508.1
89,242,2471.4
89,249,2576.5
89,251,2933.1
89,259,2788.2
89,261,1922.5
89,262,1716.4
89,269,1776.4
89,271,1208.1
89,279,1258.6
89,280,1597.3
89,291,986.0
89,292,1293.9
89,299,1158.7
89,300,961.4
89,311,834.5
89,319,569.2
89,321,920.9
89,329,969.3
89,331,2896.0
89,339,2878.0
89,341,2667.1
89,342,2644.8
89,350,495.7
89,361,2697.1
89,362,2301.4
89,363,2736.2
89,364,2401.2
89,369,2570.9
89,371,2234.5
89,372,2276.2
89,373,2397.6
89,379,2517.6
89,380,1040.0
89,391,1855.2
89,392,2067.0
89,393,1969.3
89,394,1852.1
89,399,1907.5
89,401,825.9
89,402,906.9
89,409,794.6
89,411,1567.8
89,419,1345.4
89,421,2579.6
89,422,2220.8
89,423,2587.8
89,429,2382.3
89,441,2901.6
89,451,2394.9
89,452,2131.4
89,459,2313.0
89,460,764.5
89,471,1473.6
89,472,1700.9
89,473,1946.3
89,479,1556.1
89,481,1203.6
89,482,1432.9
89,483,1466.1
89,484,1034.9
89,485,816.3
89,486,1373.3
89,487,1364.5
89,488,1232.0
89,489,970.2
89,491,624.1
89,499,489.5
89,500,2796.3
89,511,2465.4
89,512,2568.8
89,513,2418.6
89,519,2281.4
89,531,1642.5
89,532,1576.0
89,539,1508.1
89,540,2170.5
89,551,1548.5
89,559,1460.3
89,560,484.1
91,11,1543.4
91,12,1841.9
91,19,1588.8
91,20,5459.6
91,41,3586.5
91,42,3613.5
91,49,3472.7
91,50,1889.1
91,61,3899.7
91,62,4078.1
91,63,3985.4
91,64,4201.2
91,65,4047.8
91,69,4031.8
91,81,2710.4
91,89,2813.5
91,91,0.0
91,92,57.1
91,99,44.4
91,101,370.2
91,109,410.8
91,111,489.9
91,121,1527.3
91,122,1832.3
91,123,1649.5
91,124,1753.7
91,129,1662.5
91,131,1359.2
91,132,1329.5
91,139,1407.7
91,151,8083.6
91,159,8013.4
91,160,3403.7
91,171,1305.3
91,172,1498.4
91,179,1421.1
91,181,1213.9
91,182,1162.5
91,183,1056.8
91,189,1182.9
91,190,1732.8
91,201,1930.4
91,202,2164.0
91,209,2243.0
91,211,1186.9
91,212,1056.9
91,219,1191.5
91,221,2070.1
91,222,2266.6
91,223,2022.8
91,229,2104.7
91,230,479.6
91,241,430.4
91,242,490.7
91,249,470.1
91,251,133.7
91,259,74.8
91,261,896.4
91,262,1110.8
91,269,1143.4
91,271,1742.8
91,279,1810.0
91,280,1810.0
91,291,1858.2
91,292,1587.8
91,299,1730.5
91,300,2983.7
91,311,1982.4
91,319,2271.1
91,321,3722.0
91,329,3698.8
91,331,184.7
91,339,263.0
91,341,206.1
91,342,313.4
91,350,3030.7
91,361,175.6
91,362,521.9
91,363,96.6
91,364,436.5
91,369,294.8
91,371,1003.6
91,372,901.3
91,373,842.6
91,379,833.6
91,380,2291.0
91,391,1021.5
91,392,749.4
91,393,880.7
91,394,993.1
91,399,912.8
91,401,2268.0
91,402,2111.6
91,409,2289.2
91,411,4018.1
91,419,3864.4
91,421,302.0
91,422,618.9
91,423,246.9
91,429,443.6
91,441,88.2
91,451,1167.2
91,452,1154.3
91,459,1127.6
91,460,2261.5
91,471,1652.0
91,472,1385.4
91,473,1168.3
91,479,1526.5
91,481,2579.7
91,482,2329.8
91,483,2768.9
91,484,2361.3
91,485,3135.2
91,486,2452.8
91,487,2878.9
91,488,2708.3
91,489,2652.7
91,491,3325.5
91,499,3288.1
91,500,261.7
91,511,632.3
91,512,620.3
91,513,550.2
91,519,773.6
91,531,3921.0
91,532,3958.0
91,539,3766.2
91,540,764.7
91,551,1283.8
91,559,1447.4
91,560,2864.3
92,11,1486.3
92,12,1785.3
92,19,1531.9
92,20,5453.7
92,41,3535.4
92,42,3561.5
92,49,3422.7
92,50,1833.2
92,61,3851.2
92,62,4035.1
92,63,3935.8
92,64,4157.3
92,65,4002.4
92,69,3985.7
92,81,2663.8
92,89,2765.9
92,91,57.1
92,92,0.0
92,99,94.3
92,101,316.0
92,109,360.0
92,111,433.6
92,121,1476.0
92,122,1786.0
92,123,1600.1
92,124,1703.2
92,129,1608.3
92,131,1302.6
92,132,1276.7
92,139,1352.6
92,151,8041.4
92,159,7969.2
92,160,3365.9
92,171,1258.3
92,172,1445.6
92,179,1370.0
92,181,1165.6
92,182,1109.7
92,183,1007.3
92,189,1130.2
92,190,1687.5
92,201,1879.6
92,202,2112.2
92,209,2192.9
92,211,1131.3
92,212,1001.7
92,219,1135.2
92,221,2013.0
92,222,2209.4
92,223,1965.9
92,229,2047.6
92,230,530.8
92,241,374.0
92,242,434.3
92,249,417.8
92,251,190.6
92,259,103.9
92,261,852.5
92,262,1068.0
92,269,1110.0
92,271,1705.2
92,279,1776.3
92,280,1752.8
92,291,1807.6
92,292,1534.9
92,299,1677.8
92,300,2949.5
92,311,1936.0
92,319,2226.0
92,321,3676.0
92,329,3655.7
92,331,235.3
92,339,306.2
92,341,150.2
92,342,261.0
92,350,2978.7
92,361,175.6
92,362,482.1
92,363,39.7
92,364,403.1
92,369,276.9
92,371,948.0
92,372,845.6
92,373,789.1
92,379,783.7
92,380,2258.1
92,391,967.0
92,392,700.0
92,393,827.0
92,394,940.2
92,399,862.5
92,401,2214.0
92,402,2057.8
92,409,2235.4
92,411,3982.7
92,419,3826.9
92,421,245.0
92,422,564.9
92,423,191.0
92,429,390.7
92,441,138.9
92,451,1115.5
92,452,1098.2
92,459,1074.1
92,460,2222.0
92,471,1595.5
92,472,1328.6
92,473,1111.2
92,479,1470.1
92,481,2523.0
92,482,2272.7
92,483,2711.8
92,484,2305.4
92,485,3081.0
92,486,2395.8
92,487,2821.9
92,488,2651.6
92,489,2596.9
92,491,3282.1
92,499,3241.8
92,500,292.3
92,511,578.2
92,512,570.3
92,513,493.6
92,519,717.0
92,531,3888.8
92,532,3923.8
92,539,3733.7
92,540,707.8
92,551,1241.1
92,559,1410.1
92,560,2823.1
99,11,1574.1
99,12,1869.7
99,19,1618.7
99,20,5493.6
99,41,3628.9
99,42,3655.4
99,49,3515.6
99,50,1926.9
99,61,3943.2
99,62,4122.5
99,63,4028.5
99,64,4245.5
99,65,4091.9
99,69,4075.8
99,81,2754.3
99,89,2857.1
99,91,44.4
99,92,94.3
99,99,0.0
99,101,393.6
99,109,428.7
99,111,517.7
99,121,1543.5
99,122,1841.2
99,123,1662.8
99,124,1768.7
99,129,1683.8
99,131,1387.1
99,132,1348.4
99,139,1431.1
99,151,8128.0
99,159,8057.6
99,160,3448.0
99,171,1349.0
99,172,1539.8
99,179,1463.5
99,181,1257.4
99,182,1203.8
99,183,1099.8
99,189,1224.3
99,190,1776.9
99,201,1973.0
99,202,2206.0
99,209,2285.8
99,211,1225.2
99,212,1095.9
99,219,1228.4
99,221,2101.3
99,222,2299.1
99,223,2051.8
99,229,2137.9
99,230,467.4
99,241,459.0
99,242,518.8
99,249,489.8
99,251,102.0
99,259,104.6
99,261,940.6
99,262,1155.1
99,269,1187.2
99,271,1787.0
99,279,1853.8
99,280,1842.7
99,291,1900.8
99,292,1629.1
99,299,1771.9
99,300,3027.5
99,311,2026.3
99,319,2315.2
99,321,3766.0
99,329,3743.2
99,331,178.7
99,339,265.6
99,341,235.2
99,342,334.4
99,350,3072.6
99,361,212.8
99,362,566.3
99,363,131.1
99,364,480.5
99,369,336.1
99,371,1028.6
99,372,926.6
99,373,863.4
99,379,848.5
99,380,2334.6
99,391,1061.3
99,392,792.4
99,393,921.3
99,394,1034.3
99,399,955.5
99,401,2308.3
99,402,2152.1
99,409,2329.7
99,411,4062.1
99,419,3908.6
99,421,333.5
99,422,659.3
99,423,285.0
99,429,484.8
99,441,44.8
99,451,1184.3
99,452,1180.6
99,459,1148.0
99,460,2305.9
99,471,1688.5
99,472,1420.7
99,473,1200.6
99,479,1563.1
99,481,2615.6
99,482,2363.2
99,483,2802.2
99,484,2399.1
99,485,3175.4
99,486,2486.8
99,487,2913.5
99,488,2744.0
99,489,2690.8
99,491,3369.8
99,499,3332.0
99,500,277.6
99,511,654.5
99,512,635.7
99,513,579.4
99,519,802.2
99,531,3964.5
99,532,4001.8
99,539,3809.7
99,540,799.7
99,551,1328.1
99,559,1491.7
99,560,2908.7
101,11,1188.0
101,12,1477.7
101,19,1230.2
101,20,5539.5
101,41,3327.8
101,42,3344.5
101,49,3225.7
101,50,1574.8
101,61,3665.4
101,62,3893.6
101,63,3739.9
101,64,4008.8
101,65,3842.0
101,69,3820.8
101,81,2500.1
101,89,2593.3
101,91,370.2
101,92,316.0
101,99,393.6
101,101,0.0
101,109,68.9
101,111,133.0
101,121,1162.4
101,122,1485.1
101,123,1290.3
101,124,1390.8
101,129,1292.4
101,131,995.4
101,132,961.1
101,139,1037.8
101,151,7898.8
101,159,7812.0
101,160,3265.2
101,171,1111.2
101,172,1233.7
101,179,1179.1
101,181,1008.5
101,182,905.3
101,183,845.5
101,189,926.7
101,190,1545.3
101,201,1683.7
101,202,1903.6
101,209,2000.8
101,211,885.7
101,212,767.3
101,219,875.9
101,221,1715.7
101,222,1916.8
101,223,1661.4
101,229,1758.5
101,230,846.2
101,241,85.9
101,242,135.4
101,249,106.8
101,251,495.5
101,259,412.9
101,261,753.4
101,262,964.9
101,269,1076.0
101,271,1623.3
101,279,1720.6
101,280,1462.3
101,291,1613.8
101,292,1321.1
101,299,1464.3
101,300,2877.0
101,311,1780.5
101,319,2077.9
101,321,3512.4
101,329,3514.7
101,331,551.0
101,339,615.4
101,341,167.7
101,342,62.2
101,350,2763.8
101,361,430.8
101,362,469.5
101,363,277.5
101,364,456.4
101,369,446.7
101,371,635.0
101,372,533.1
101,373,473.1
101,379,475.3
101,380,2200.8
101,391,744.4
101,392,560.4
101,393,624.1
101,394,741.3
101,399,699.9
101,401,1980.6
101,402,1827.9
101,409,2004.3
101,411,3896.2
101,419,3726.7
101,421,102.9
101,422,384.3
101,423,189.8
101,429,273.8
101,441,429.8
101,451,801.5
101,452,787.6
101,459,758.1
101,460,2118.0
101,471,1328.5
101,472,1054.9
101,473,821.0
101,479,1204.0
101,481,2248.0
101,482,1984.0
101,483,2422.2
101,484,2045.9
101,485,2841.6
101,486,2110.1
101,487,2539.2
101,488,2375.0
101,489,2338.3
101,491,3141.1
101,499,3078.0
101,500,583.9
101,511,262.2
101,512,265.2
101,513,197.4
101,519,413.6
101,531,3824.7
101,532,3846.1
101,539,3668.0
101,540,444.0
101,551,1131.3
101,559,1336.7
101,560,2701.0
109,11,1173.8
109,12,1454.9
109,19,1213.3
109,20,5605.0
109,41,3347.1
109,42,3361.0
109,49,3247.9
109,50,1580.1
109,61,3690.2
109,62,3928.6
109,63,3762.1
109,64,4042.1
109,65,3872.8
109,69,3850.6
109,81,2531.7
109,89,2622.7
109,91,410.8
109,92,360.0
109,99,428.7
109,101,68.9
109,109,0.0
109,111,147.7
109,121,1116.5
109,122,1429.5
109,123,1240.1
109,124,1343.2
109,129,1255.9
109,131,974.5
109,132,919.8
109,139,1005.9
109,151,7931.8
109,159,7841.9
109,160,3308.8
109,171,1151.2
109,172,1256.7
109,179,1208.3
109,181,1047.2
109,182,933.1
109,183,884.8
109,189,954.5
109,190,1584.1
109,201,1709.2
109,202,1924.8
109,209,2026.3
109,211,900.2
109,212,787.2
109,219,884.9
109,221,1700.8
109,222,1904.6
109,223,1641.1
109,229,1748.7
109,230,890.3
109,241,125.6
109,242,151.3
109,249,63.7
109,251,529.2
109,259,461.1
109,261,805.7
109,262,1014.4
109,269,1134.4
109,271,1672.8
109,279,1773.7
109,280,1452.3
109,291,1640.1
109,292,1343.0
109,299,1485.7
109,300,2925.7
109,311,1815.6
109,319,2113.9
109,321,3542.7
109,329,3550.1
109,331,594.8
109,339,664.7
109,341,219.1
109,342,100.5
109,350,2781.5
109,361,489.4
109,362,535.5
109,363,323.6
109,364,525.1
109,369,512.9
109,371,608.7
109,372,508.6
109,373,435.7
109,379,423.7
109,380,2252.7
109,391,768.7
109,392,609.1
109,393,656.5
109,394,772.8
109,399,741.1
109,401,1993.9
109,402,1842.8
109,409,2018.3
109,411,3941.7
109,419,3770.0
109,421,170.2
109,422,430.0
109,423,255.4
109,429,336.4
109,441,460.7
109,451,756.4
109,452,763.9
109,459,719.7
109,460,2162.5
109,471,1331.2
109,472,1055.8
109,473,814.6
109,479,1207.6
109,481,2244.5
109,482,1973.9
109,483,2411.1
109,484,2049.5
109,485,2851.5
109,486,2101.5
109,487,2531.6
109,488,2370.7
109,489,2341.8
109,491,3176.8
109,499,3108.8
109,500,638.7
109,511,231.1
109,512,210.5
109,513,206.6
109,519,403.0
109,531,3873.9
109,532,3893.1
109,539,3717.1
109,540,459.0
109,551,1178.4
109,559,1388.6
109,560,2741.1
111,11,1058.0
111,12,1352.2
111,19,1101.4
111,20,5503.5
111,41,3201.3
111,42,3216.4
111,49,3101.2
111,50,1442.4
111,61,3542.9
111,62,3781.5
111,63,3615.4
111,64,3894.7
111,65,3725.1
111,69,3702.9
111,81,2384.1
111,89,2474.9
111,91,489.9
111,92,433.6
111,99,517.7
111,101,133.0
111,109,147.7
111,111,0.0
111,121,1065.8
111,122,1408.2
111,123,1201.5
111,124,1296.3
111,129,1180.7
111,131,869.5
111,132,858.0
111,139,921.6
111,151,7784.3
111,159,7694.1
111,160,3165.4
111,171,1006.7
111,172,1109.5
111,179,1060.6
111,181,902.1
111,182,785.4
111,183,740.2
111,189,806.8
111,190,1438.5
111,201,1561.7
111,202,1778.3
111,209,1878.8
111,211,756.0
111,212,640.7
111,219,744.1
111,221,1585.6
111,222,1785.7
111,223,1534.1
111,229,1626.7
111,230,956.9
111,241,60.0
111,242,4.1
111,249,110.1
111,251,619.6
111,259,523.0
111,261,675.0
111,262,878.5
111,269,1013.7
111,271,1535.6
111,279,1641.4
111,280,1330.6
111,291,1492.5
111,292,1196.2
111,299,1339.0
111,300,2786.9
111,311,1668.7
111,319,1967.1
111,321,3395.0
111,329,3403.1
111,331,664.5
111,339,720.5
111,341,283.7
111,342,194.8
111,350,2636.3
111,361,520.4
111,362,451.5
111,363,394.0
111,364,469.0
111,369,505.7
111,371,515.6
111,372,413.1
111,373,371.1
111,379,401.6
111,380,2118.2
111,391,621.2
111,392,474.7
111,393,509.5
111,394,625.4
111,399,598.1
111,401,1850.7
111,402,1698.8
111,409,1874.7
111,411,3799.7
111,419,3626.4
111,421,191.4
111,422,294.5
111,423,270.8
111,429,247.0
111,441,556.2
111,451,706.2
111,452,664.6
111,459,652.4
111,460,2020.3
111,471,1195.7
111,472,921.9
111,473,688.8
111,479,1071.2
111,481,2115.0
111,482,1852.1
111,483,2290.6
111,484,1913.2
111,485,2710.5
111,486,1977.9
111,487,2406.7
111,488,2242.1
111,489,2205.7
111,491,3029.9
111,499,2961.1
111,500,679.0
111,511,164.9
111,512,219.1
111,513,64.4
111,519,284.5
111,531,3735.4
111,532,3752.5
111,539,3578.5
111,540,314.0
111,551,1039.4
111,559,1255.0
111,560,2595.9
121,11,598.0
121,12,598.4
121,19,567.1
121,20,6096.4
121,41,2885.2
